l2
141
136
150
131
139
133
140
139
137
140
127
152
138
131
131
118
134
146
129
157
129
136
135
111
112
124
135
127
124
139
139
123
124
126
144
142
139
146
128
128
138
136
139
142
128
130
126
142
119
146
139
141
118
134
133
141
115
127
141
132
135
137
141
135
143
140
121
129
135
143
148
143
128
116
156
129
139
124
134
132
131
141
121
132
122
140
132
131
127
144
142
141
145
126
139
126
137
119
140
137
127
139
140
135
137
118
127
130
125
135
142
145
125
130
132
131
125
121
119
132
145
128
152
144
124
133
122
134
132
129
121
138
144
128
138
139
127
131
141
158
131
130
133
133
138
121
124
136
129
131
125
137
137
128
132
133
131
136
125
139
149
145
148
138
110
137
146
141
137
144
149
123
133
139
131
126
128
157
130
134
137
139
129
128
131
117
126
128
133
126
136
133
147
144
125
125
139
138
122
142
133
141
107
128
140
135
152
115
127
128
117
132
130
137
140
119
128
126
129
128
121
137
145
130
133
153
128
135
131
140
136
158
132
135
143
143
137
133
143
144
146
124
134
128
132
126
124
116
151
124
129
144
152
129
130
130
132
111
130
127
148
114
139
146
134
134
140
149
133
123
121
132
136
155
128
137
129
129
126
130
130
113
156
131
116
110
130
151
133
132
130
122
126
129
119
124
138
134
135
128
132
125
120
130
138
138
137
142
144
137
146
137
140
138
126
138
120
131
130
140
127
126
154
142
128
138
141
125
129
126
144
127
137
131
141
125
131
135
109
125
139
151
145
141
127
126
147
132
142
131
132
125
145
128
132
136
122
137
145
129
145
139
140
137
119
130
143
137
131
149
137
137
136
132
116
130
132
128
145
145
148
115
149
140
135
115
125
128
130
151
134
125
138
157
127
149
127
142
120
136
126
124
114
131
127
132
126
146
134
147
124
140
138
142
139
118
150
136
130
137
132
134
134
143
135
146
129
147
138
129
129
139
121
134
141
127
121
150
132
145
128
149
139
119
137
113
131
146
115
132
131
144
126
139
140
143
137
155
136
126
126
132
137
126
136
155
122
158
141
146
132
128
139
127
134
107
140
140
133
131
138
135
126
116
116
130
128
124
136
138
142
141
117
120
141
119
120
133
133
139
135
148
121
132
126
119
145
143
126
128
141
127
142
140
135
119
124
137
149
139
135
135
126
147
140
138
140
130
131
150
121
143
149
147
131
140
135
140
133
131
128
129
130
125
123
133
133
142
117
128
129
129
123
133
136
137
126
141
137
132
133
147
138
138
116
133
118
134
139
144
125
141
124
139
134
126
129
142
137
145
140
146
138
133
123
125
137
141
153
138
135
133
125
139
138
131
121
122
122
140
124
146
125
136
137
143
150
124
116
137
137
123
141
136
133
129
135
140
131
120
157
120
147
128
124
147
138
142
133
134
130
127
124
123
147
126
125
132
125
152
139
128
142
125
130
144
132
146
120
140
144
133
132
137
136
132
138
129
115
125
132
146
142
138
144
137
128
130
144
148
134
139
144
133
132
137
143
132
136
130
126
138
126
140
146
132
144
138
130
124
121
128
138
127
128
123
138
140
128
125
132
117
118
154
118
124
112
117
120
131
135
152
126
135
131
140
131
125
136
126
129
142
127
135
128
118
139
145
139
131
134
119
138
153
139
124
146
119
135
123
117
129
142
122
117
142
139
153
144
130
130
126
132
122
119
137
123
135
135
128
141
146
131
142
130
137
136
122
123
126
133
148
126
125
137
137
121
115
136
125
126
119
134
131
143
124
135
150
136
126
133
138
138
130
122
122
124
127
134
135
114
137
139
129
127
129
129
126
134
145
138
128
133
138
133
151
134
131
135
132
123
136
114
127
131
131
144
119
136
124
139
144
143
138
122
142
145
131
125
121
138
131
137
127
126
148
135
140
143
142
137
153
144
137
133
132
125
143
131
123
140
134
121
137
134
128
125
137
129
141
146
139
115
132
135
132
129
145
148
142
148
136
132
152
141
138
107
129
134
148
134
121
143
131
141
135
125
134
130
144
123
131
138
132
112
137
140
144
132
138
135
140
140
132
139
131
134
126
135
123
129
128
133
120
136
106
121
145
135
121
143
131
122
144
145
123
136
132
130
146
143
136
130
131
134
139
137
147
129
132
132
142
124
146
129
161
126
128
136
147
137
141
128
117
133
129
136
123
145
130
146
134
139
127
129
129
124
128
133
148
147
144
127
126
128
127
141
141
127
140
138
134
131
134
121
124
127
138
131
133
