l2
55
53
51
55
56
61
50
64
54
50
62
50
59
57
44
49
52
66
58
57
51
55
67
52
46
55
52
51
58
62
49
58
51
47
59
51
56
50
56
53
54
67
60
53
62
61
60
62
57
50
72
60
59
57
39
50
54
55
66
51
56
71
57
55
55
41
61
45
48
48
59
58
45
55
59
66
56
49
72
53
55
56
62
50
60
57
53
56
59
64
57
58
67
60
55
49
45
62
61
52
54
52
50
57
62
63
60
53
53
54
55
40
55
74
61
62
56
59
62
57
42
52
50
49
55
56
49
48
55
50
53
68
46
57
48
43
61
47
56
60
53
52
58
51
72
57
42
47
53
51
70
46
52
55
51
58
56
55
46
56
64
63
58
54
51
63
49
49
47
60
55
58
59
52
52
54
52
55
57
56
46
51
56
54
50
56
59
61
46
57
53
53
57
50
51
60
51
50
48
55
56
75
58
59
57
65
63
43
55
53
54
50
46
59
55
56
55
56
49
56
45
57
48
62
46
53
54
50
53
51
52
69
58
54
43
64
64
54
58
54
59
62
57
63
57
52
65
42
50
46
59
58
72
58
64
55
59
60
56
65
56
43
52
59
56
46
54
53
67
59
57
53
43
56
48
53
50
60
58
58
66
58
60
65
62
67
69
63
55
53
38
58
48
50
49
65
71
56
48
56
51
72
51
63
65
50
57
64
51
53
58
67
44
45
60
66
53
59
52
71
40
57
53
56
53
51
46
57
54
51
56
58
57
55
68
59
56
62
50
57
59
52
43
56
66
59
52
55
47
59
66
58
52
65
49
55
61
51
52
47
52
61
49
41
66
51
58
55
54
58
51
57
51
51
44
47
60
60
44
50
54
50
53
51
49
53
66
43
58
48
61
54
68
46
52
47
46
55
57
61
51
49
52
59
54
60
52
53
65
51
52
58
62
47
59
51
57
67
62
46
47
55
61
45
55
49
57
59
64
53
64
52
59
58
49
48
55
56
42
40
58
57
56
49
63
62
57
61
56
56
59
49
54
63
55
54
49
53
54
61
53
52
53
57
63
42
51
47
48
59
50
49
51
56
65
47
44
58
62
43
40
61
50
63
53
50
63
41
49
39
60
54
58
58
57
57
67
48
50
52
63
58
58
55
56
54
61
58
47
53
58
46
58
73
57
47
61
52
54
55
51
55
60
50
64
53
53
58
71
59
53
57
47
60
49
63
52
53
63
55
53
58
57
60
52
60
61
54
52
50
49
54
51
63
51
55
45
55
61
46
56
55
64
57
67
52
63
59
60
66
56
56
48
58
49
42
69
54
48
70
47
51
60
50
47
61
47
55
68
61
52
58
58
51
52
54
55
53
77
49
64
58
58
66
54
55
55
65
52
64
55
47
66
57
50
67
54
59
51
51
47
48
62
53
53
55
59
49
50
55
52
31
49
55
56
43
45
55
45
54
57
52
54
44
49
46
58
60
58
53
57
52
61
56
63
49
49
53
62
61
54
63
64
42
45
51
60
59
61
57
51
58
51
57
58
44
72
56
52
61
52
51
62
57
53
62
47
49
51
59
47
59
45
54
60
44
50
56
58
48
61
60
44
59
55
51
49
57
60
73
55
41
50
48
52
48
53
64
65
53
53
53
59
57
52
52
51
55
56
58
61
53
44
68
60
68
55
53
55
50
55
71
52
52
70
56
60
52
60
39
65
50
62
53
51
61
57
52
49
50
60
57
39
57
52
53
44
54
53
52
57
54
56
64
60
59
53
45
59
62
47
62
66
52
54
61
48
58
50
62
54
60
67
57
62
61
68
52
64
58
68
74
57
65
53
55
58
52
55
51
63
55
64
50
57
56
65
65
54
66
51
55
42
69
49
51
60
51
55
52
48
55
40
57
63
55
55
51
57
60
56
59
57
59
48
49
59
56
64
55
57
51
61
60
51
44
47
63
52
46
49
57
50
60
49
55
49
52
49
51
53
60
59
52
68
52
54
62
58
59
70
58
61
55
51
50
49
53
51
49
45
52
51
54
59
48
54
47
46
60
48
47
52
60
54
46
59
45
57
55
53
57
45
60
69
45
57
46
64
60
47
69
48
42
54
46
56
45
48
61
45
55
46
48
63
57
55
56
52
61
59
52
53
57
50
70
56
49
67
59
54
52
45
51
48
64
63
59
56
55
57
57
43
54
52
46
47
55
58
49
54
50
59
63
60
61
52
60
68
50
55
56
45
54
60
51
58
55
53
66
67
47
58
45
58
61
39
48
60
54
