l1
56
58
53
56
60
46
43
46
49
50
56
38
42
54
46
57
52
52
53
56
51
61
53
48
59
51
51
48
48
56
50
47
62
58
46
56
44
43
46
44
53
50
57
53
51
59
49
52
53
54
51
58
56
56
50
47
42
59
59
55
45
54
53
57
54
42
62
51
45
45
44
51
50
43
53
39
48
54
57
53
61
58
47
61
54
48
49
50
59
49
62
49
50
55
51
56
48
57
60
54
52
40
59
51
57
50
48
57
53
39
55
49
48
49
51
41
55
62
51
56
48
59
54
54
54
46
63
64
44
57
51
55
48
55
49
53
52
48
48
48
50
52
45
41
56
61
48
50
41
55
55
61
48
60
47
50
54
44
49
48
48
47
56
49
56
61
59
51
50
51
45
58
49
47
43
53
45
45
51
60
54
50
44
44
67
53
60
50
49
53
46
51
52
45
55
49
49
57
49
52
53
45
45
62
55
41
45
56
51
51
58
50
43
49
52
49
38
47
54
53
49
46
51
43
51
59
60
62
52
45
60
57
42
47
43
55
50
47
44
53
49
52
61
54
54
48
57
52
52
49
57
52
48
57
52
47
56
52
58
60
61
47
53
51
46
40
57
56
60
50
50
44
45
49
61
49
42
55
47
49
45
56
60
47
52
45
62
48
54
58
57
54
69
58
54
61
50
51
62
54
52
56
49
62
56
52
65
44
56
43
46
67
37
55
52
49
48
48
55
42
47
53
52
50
57
44
37
50
51
53
40
50
54
53
56
48
55
58
55
48
58
53
53
56
54
46
44
53
50
53
50
64
54
54
59
54
56
48
58
42
41
50
51
57
57
53
49
49
52
39
49
55
50
48
55
46
50
56
53
47
49
50
59
57
48
41
56
55
48
44
61
51
51
47
53
54
63
56
53
58
41
45
54
56
50
67
56
46
55
50
61
59
47
53
61
53
49
56
60
52
45
60
49
57
52
55
57
56
53
50
56
62
53
52
48
49
52
53
52
56
42
46
47
60
48
58
55
54
49
54
47
54
51
49
42
62
54
46
60
48
54
39
41
50
51
51
50
58
58
46
55
59
46
45
52
53
53
54
49
64
46
56
59
52
53
59
51
57
54
52
49
58
51
44
44
45
55
55
43
52
53
54
53
51
58
49
49
53
54
49
54
55
45
54
46
56
41
49
47
49
53
49
41
45
48
61
53
49
49
46
56
45
54
51
57
53
54
50
49
58
56
39
52
55
47
53
55
51
48
55
51
62
41
53
51
47
52
49
54
54
51
51
49
57
51
52
48
47
56
45
46
50
53
50
54
48
49
38
49
51
53
63
45
53
51
59
46
51
53
42
42
46
51
56
47
49
53
50
51
52
48
53
49
47
46
54
54
45
53
49
51
55
51
45
47
49
52
53
54
46
55
51
53
55
58
50
47
59
55
47
47
50
46
46
52
50
52
53
44
54
44
43
48
63
59
56
55
55
55
50
50
57
55
53
57
50
45
60
48
54
54
56
52
51
44
59
50
51
54
53
51
52
50
53
54
48
54
47
48
53
46
54
54
52
59
59
55
47
52
52
48
54
47
56
44
62
47
54
60
58
53
56
47
44
52
51
47
55
41
51
52
51
47
46
56
51
50
45
58
53
56
47
56
50
59
48
46
50
40
55
53
54
56
58
49
49
47
46
61
53
51
39
56
62
52
47
50
50
42
46
54
52
42
54
57
52
46
44
56
48
44
59
51
50
54
49
52
44
47
50
46
49
54
44
46
46
55
53
61
51
52
56
55
50
56
52
55
44
49
52
58
59
56
55
66
48
49
53
44
44
51
52
43
46
42
47
50
55
53
56
47
54
50
47
55
53
54
51
58
58
35
50
55
54
50
64
59
49
48
52
49
53
56
44
47
44
63
56
57
50
47
48
51
52
60
50
46
57
48
53
59
51
45
46
51
60
51
53
54
53
51
62
42
51
55
55
51
56
56
58
49
51
51
40
54
54
44
51
60
51
42
52
48
44
47
52
47
56
48
54
53
56
54
53
45
54
40
49
47
53
54
57
42
54
51
54
54
47
51
61
47
55
46
52
55
56
50
53
48
51
42
48
51
45
54
49
54
51
56
52
57
49
55
56
60
50
45
58
53
57
54
41
57
50
47
48
54
48
49
51
48
53
58
60
45
41
53
52
53
62
49
48
51
49
48
54
53
40
58
46
46
52
42
53
59
59
52
53
61
43
52
48
51
52
48
50
50
50
52
48
56
51
51
39
43
52
52
51
56
55
