l1
20
20
15
16
13
19
12
14
16
21
11
20
12
14
22
14
19
9
18
13
13
12
12
14
11
14
15
12
16
17
14
20
15
13
19
10
19
9
15
16
15
13
13
15
17
19
19
14
16
16
16
22
20
19
6
11
19
18
10
16
11
16
15
17
16
15
21
10
12
11
18
16
14
15
12
16
14
18
17
16
17
15
13
14
16
19
10
13
14
13
16
18
16
20
16
8
16
19
16
12
11
16
16
18
14
17
17
18
21
15
10
14
18
13
16
16
8
15
20
17
16
11
16
22
6
12
17
17
20
11
10
16
10
15
30
18
15
14
20
20
18
15
15
15
18
18
13
21
9
20
12
20
14
13
14
13
19
22
23
12
17
11
9
14
16
15
14
24
15
14
15
17
15
13
15
20
7
22
18
17
17
10
16
14
12
13
14
21
12
13
14
17
15
11
15
15
15
11
7
16
17
16
11
19
21
11
12
20
16
15
16
15
10
12
20
13
21
23
17
11
23
18
13
17
13
14
15
10
20
16
12
14
13
11
6
14
14
16
13
20
10
16
23
26
16
22
20
11
13
17
12
16
15
10
13
18
11
19
13
12
13
16
17
19
14
18
8
16
17
17
10
12
19
14
20
19
19
20
13
18
16
24
14
14
14
14
13
9
15
18
11
20
19
14
14
16
20
17
15
18
17
16
13
13
15
21
11
11
16
11
14
12
17
13
17
14
17
20
17
17
14
10
9
18
8
9
13
11
17
16
11
14
16
12
11
19
18
18
16
16
16
15
13
16
17
14
18
14
21
12
13
12
24
16
13
16
14
8
9
12
22
7
16
17
15
14
14
11
15
22
15
15
17
21
19
18
17
22
24
16
18
14
17
16
19
12
13
13
22
16
16
10
16
12
15
19
22
15
6
20
13
11
19
19
21
18
11
12
11
14
24
12
14
15
14
19
11
19
10
17
13
12
13
9
28
13
14
19
11
14
17
11
19
17
16
18
10
14
25
12
11
21
20
13
13
14
18
15
17
8
18
20
14
17
15
13
15
16
14
17
16
17
18
11
13
13
22
10
20
13
19
20
15
11
17
9
13
28
14
16
14
14
15
26
10
11
19
19
12
18
18
12
21
7
26
22
14
14
11
18
15
18
17
12
16
15
10
12
11
14
12
16
13
20
15
21
16
16
15
13
16
15
10
12
16
14
20
17
16
10
20
14
13
20
17
12
15
13
10
16
13
17
13
16
16
13
20
10
13
14
18
21
20
21
11
15
16
11
8
14
13
15
19
12
12
14
15
9
11
18
17
10
14
18
22
16
13
14
24
23
16
16
12
15
12
17
15
17
15
16
12
13
19
15
18
23
9
19
15
17
12
7
11
13
13
13
24
17
24
18
19
19
23
15
14
13
14
16
19
16
14
15
14
16
9
16
20
17
15
14
16
13
20
14
10
14
16
14
13
19
20
17
17
14
13
18
14
15
15
13
23
17
19
17
20
13
17
19
12
14
11
16
17
13
18
16
16
11
13
12
15
14
17
12
17
18
16
14
15
17
18
17
14
12
14
16
9
16
20
19
14
11
20
15
16
18
15
19
24
20
16
18
14
17
21
18
21
14
16
11
17
11
17
16
10
17
12
15
16
15
16
14
14
19
22
20
10
20
16
11
9
19
18
12
12
18
13
10
11
17
11
16
24
11
19
18
20
10
14
15
14
15
20
13
13
23
22
14
17
17
14
18
13
16
17
16
20
14
10
15
11
8
17
26
17
13
16
17
15
13
18
14
16
16
16
11
12
18
14
12
19
16
12
15
11
16
16
13
18
12
17
19
20
10
11
15
11
13
20
14
16
16
16
21
14
14
18
16
13
12
8
15
17
18
12
16
15
15
16
13
16
14
19
16
14
12
15
16
15
14
12
17
19
17
14
14
19
9
18
15
16
9
15
14
20
19
15
15
16
15
14
17
15
15
12
12
12
17
16
12
20
13
18
17
17
10
22
15
18
17
15
17
18
15
18
17
13
12
14
18
16
18
17
11
18
16
13
17
22
10
14
8
26
8
20
16
12
19
17
20
21
9
10
7
16
18
12
16
19
18
15
17
15
18
16
20
20
7
18
13
14
11
16
21
17
17
14
21
13
21
15
16
18
14
18
19
23
18
15
17
13
12
18
21
24
15
13
13
9
17
12
14
16
16
18
17
12
15
13
25
17
17
8
16
14
18
20
17
22
9
15
17
10
17
9
15
15
16
16
13
21
15
20
20
21
18
14
10
23
19
