len	A	C	G	T	N	cpg	AA	AC	AG	AT	CA	CC	CG	CT	GA	GC	GG	GT	TA	TC	TG	TT	sp
4530696	1412485	1006813	970267	1137561	3570	244096	545340	266600	282189	310835	343779	210502	244096	203990	267962	280161	172928	242200	248345	244188	266647	375483	dm6
4494095	1389221	1011461	975125	1118288	0	246825	531611	264133	282899	303087	342028	214554	246825	203525	267701	284722	175645	240143	240954	242707	265339	366408	PacBioSim
3981574	1231008	894992	862067	993443	64	218146	472151	233368	249307	269365	302301	189475	218146	180985	236319	251640	155215	212720	213984	215702	235392	325785	droSim1
4411913	1365694	990299	955113	1100807	0	240674	522690	259334	277678	298660	335273	209362	240674	200523	262789	277647	172235	235658	238164	238700	260174	360932	droSec1
4434115	1375078	999161	956991	1102805	80	238532	528052	263680	279186	296963	341429	212647	238532	202008	260123	280788	172469	237011	238814	236937	262503	361788	droYak3
4446297	1364743	1010908	972939	1097657	50	243485	517284	262377	282647	295063	341579	217423	243485	203805	263799	287463	177557	237420	235347	238367	264852	356293	droEre2
4061889	1206804	968827	923999	962199	60	236861	452269	236364	267653	243883	305590	229537	236861	192397	247379	277788	181078	211464	195581	220212	234377	309708	droBia2
3863012	1211341	860564	824562	965942	603	201372	477939	225442	242273	259111	286304	193667	201372	175275	230620	229540	156108	202463	210549	207428	221121	324399	droSuz1
3701566	1174901	820331	781489	924819	26	183702	472022	215076	233474	247819	273773	186241	183702	172824	220776	215604	148996	191089	202612	199324	211815	308497	droAna3
3794683	1206084	839916	796785	951838	60	187666	484101	222444	236711	256236	281468	190786	187666	176060	223075	219446	151751	197322	211593	203018	217076	317487	droBip2
4377703	1421646	924257	892830	1138970	0	208602	575762	254365	270659	313239	320089	191411	208602	200031	253788	241158	160112	231626	265318	232543	249383	388662	droEug2
4248287	1345413	933296	894194	1075243	141	217949	538191	249827	261761	288338	319640	201453	217949	189990	246189	254200	162944	224701	234901	222979	247627	367015	droEle2
3994684	1245645	906092	863723	979164	60	214881	490508	233489	256618	258472	300202	200527	214881	186146	235520	255385	159687	207571	213507	212177	228715	322241	droKik2
4236431	1329252	945833	908140	1053206	0	228192	529885	241992	266343	283720	309809	212987	228192	190619	256442	257135	170922	217224	226676	228769	238660	356498	droTak2
3931053	1242954	862274	826626	998826	373	201969	495416	229453	241817	269430	291460	187876	201969	176983	229700	231484	152817	206866	220301	208954	226291	340673	droRho2
4268374	1342036	945204	910566	1070528	40	227129	539683	249685	266624	278598	315206	204950	227129	193660	253301	257469	168309	225215	227404	228281	244443	367733	droFic2
3384696	1051717	775584	741666	815673	56	178084	397482	207155	223471	217752	271216	168139	178084	154623	206376	214612	132125	184193	171605	181959	204701	255000	droPse3
3454141	1073997	787617	756290	836237	0	181102	405798	210588	227889	223670	275825	169972	181102	157096	210385	218088	134519	188827	176766	185127	209455	262369	droPer1
3436953	1070637	784390	750182	831660	84	179196	404957	210021	226885	222704	275259	169299	179196	156964	209218	216898	133257	186370	175918	184387	207478	261424	droMir2
2454081	868640	471026	452082	662333	0	90263	375593	152355	142747	192625	194467	83199	90263	100709	132595	113810	70696	132292	161632	119100	146172	233076	droWil2
2559321	847999	540890	520906	649451	75	128819	346439	163742	152548	179984	217964	84856	128819	106343	123648	176762	73848	143611	155594	112488	163095	215907	droVir3
2463219	825160	511730	496988	629291	50	119752	330650	154986	151958	182402	206447	77587	119752	105199	125719	163471	69293	135631	158038	112806	153526	202588	droMoj3
1728407	583213	357097	342969	443451	1677	82679	238690	114547	102977	123111	148762	51397	82679	72226	90145	106599	45945	98115	102470	82419	109528	147379	droAlb1
2496346	850867	509891	490762	644751	75	113190	350341	161819	147408	185923	215032	76509	113190	102706	125979	155119	67548	139215	155162	113680	160221	213366	droGri2
770378	278527	151473	133303	207070	5	25776	121745	49180	39811	64294	62499	31127	25776	30484	41046	30785	24213	36081	50236	38969	42288	74244	musDom2
421342	118382	107201	104885	90874	0	30185	40105	28289	26023	22338	33211	23308	30185	19231	26664	31416	22064	23351	16870	22927	25484	24947	anoGam1
230128	82679	33067	37400	76932	50	7365	31994	10002	11144	28462	11957	5042	7365	8365	13496	6564	6797	10076	24267	11096	11690	29290	apiMel4
385819	131712	69115	68559	116383	50	14140	57516	21479	19061	31581	23948	13902	14140	16349	20880	13847	12699	20319	27672	19071	21881	46882	triCas2
